function [res] = testFunction5(X1, X2)
res = 5.3578547*X1.^2 + 0.8356891*X1*X2 + 37.293293*X2 - 40792.141;
end

